1	1014478	1014541	1	ENST00000624697		      |	1	1014478	1014542	1	ENST00000624697
							      >	1	1373722	1373800	-1	ENST00000338370
1	1373729	1373800	-1	ENST00000338370		      <
1	8860999	8861359	-1	ENST00000646539		      |	1	8860996	8861359	-1	ENST00000646539
1	10419749	10420144	1	ENST000002707 |	1	10419749	10420515	1	ENST000002707
1	17018721	17018880	-1	ENST000003754 |	1	17018714	17018880	-1	ENST000003754
1	19338775	19339566	-1	ENST000002642 |	1	19338773	19339566	-1	ENST000002642
1	26863959	26864457	1	ENST000003392 |	1	26863959	26864459	1	ENST000003392
1	27666060	27666380	-1	ENST000003611 |	1	27666058	27666380	-1	ENST000003611
1	32231196	32231604	1	ENST000003735 |	1	32231196	32231610	1	ENST000003735
							      >	1	36136566	36137202	-1	ENST000006179
1	36136569	36137202	-1	ENST000006179 <
1	36180258	36180849	1	ENST000003161 |	1	36180258	36180871	1	ENST000003161
1	41011657	41012565	1	ENST000003726 |	1	41011657	41012584	1	ENST000003726
1	42701980	42702349	1	ENST000003213 |	1	42701980	42702352	1	ENST000003213
1	45015498	45015575	1	ENST000002463 |	1	45015498	45015576	1	ENST000002463
1	46316584	46316776	1	ENST000003116 |	1	46316584	46316778	1	ENST000003116
1	63659675	63660245	1	ENST000003710 |	1	63659675	63660247	1	ENST000003710
1	78663811	78664078	1	ENST000003707 |	1	78663811	78664081	1	ENST000003707
1	145842420	145842505	1	ENST000003341 |	1	145842420	145842542	1	ENST000003341
1	153606885	153607533	-1	ENST000003687 |	1	153606881	153607533	-1	ENST000003687
1	153992093	153992155	1	ENST000003685 |	1	153992093	153992156	1	ENST000003685
1	156009047	156009539	-1	ENST000002957 |	1	156009040	156009539	-1	ENST000002957
1	156308967	156309198	-1	ENST000002956 |	1	156308963	156309198	-1	ENST000002956
1	159054901	159055155	1	ENST000003681 |	1	159054901	159055159	1	ENST000003681
1	159918106	159918799	-1	ENST000003680 |	1	159918105	159918799	-1	ENST000003680
							      >	1	160289268	160290156	-1	ENST000003680
1	160289272	160290156	-1	ENST000003680 <
1	183142790	183145592	1	ENST000002583 |	1	183142790	183145599	1	ENST000002583
1	186988508	186988981	1	ENST000003674 |	1	186988508	186989004	1	ENST000003674
							      >	1	197084119	197084323	-1	ENST000003674
1	197084127	197084323	-1	ENST000003674 <
							      >	1	202331651	202331834	-1	ENST000006466
1	202331656	202331834	-1	ENST000006466 <
1	206732718	206734283	1	ENST000003671 |	1	206732718	206734285	1	ENST000003671
1	219968600	219968805	-1	ENST000003669 |	1	219968595	219968805	-1	ENST000003669
1	220147635	220148041	1	ENST000003669 |	1	220147635	220148044	1	ENST000003669
2	3580882	3580919	1	ENST00000304921		      |	2	3580882	3580923	1	ENST00000304921
							      >	2	9583963	9585285	-1	ENST00000381844
2	9583971	9585285	-1	ENST00000381844		      <
2	20032649	20033204	-1	ENST000001750 |	2	20032645	20033204	-1	ENST000001750
2	24067583	24067761	-1	ENST000002334 |	2	24067582	24067761	-1	ENST000002334
2	27381193	27381598	-1	ENST000003440 |	2	27381190	27381598	-1	ENST000003440
2	54972186	54973155	-1	ENST000003946 |	2	54972181	54973155	-1	ENST000003946
2	84423522	84423745	-1	ENST000003938 |	2	84423521	84423745	-1	ENST000003938
2	85394747	85394892	-1	ENST000002638 |	2	85394746	85394892	-1	ENST000002638
2	130190691	130190729	1	ENST000004552 |	2	130190691	130190731	1	ENST000004552
							      >	2	150468193	150469986	-1	ENST000003757
2	150468194	150469986	-1	ENST000003757 <
2	181929560	181930738	1	ENST000004318 |	2	181929560	181930743	1	ENST000004318
2	206162883	206162928	1	ENST000002369 |	2	206162883	206162933	1	ENST000002369
2	208236226	208237078	-1	ENST000003451 |	2	208236218	208237078	-1	ENST000003451
2	210677985	210679107	1	ENST000004302 |	2	210677985	210679112	1	ENST000004302
2	218253915	218254356	1	ENST000002956 |	2	218253915	218254390	1	ENST000002956
2	241351966	241354027	1	ENST000003919 |	2	241351966	241354028	1	ENST000003919
3	49095931	49096028	-1	ENST000003061 |	3	49095926	49096028	-1	ENST000003061
3	49359144	49360208	-1	ENST000004181 |	3	49359138	49360208	-1	ENST000004181
3	57571362	57572211	-1	ENST000003034 |	3	57571355	57572211	-1	ENST000003034
3	58170762	58172251	1	ENST000002959 |	3	58170762	58172255	1	ENST000002959
3	69104636	69106066	1	ENST000002732 |	3	69104636	69106070	1	ENST000002732
3	100748531	100748966	1	ENST000002408 |	3	100748531	100748967	1	ENST000002408
3	112532508	112532698	-1	ENST000002832 |	3	112532504	112532698	-1	ENST000002832
3	127621773	127622436	1	ENST000002650 |	3	127621773	127622439	1	ENST000002650
3	128619969	128620410	-1	ENST000002962 |	3	128619962	128620410	-1	ENST000002962
3	128813422	128814796	1	ENST000002650 |	3	128813422	128814798	1	ENST000002650
3	129277424	129277773	1	ENST000003147 |	3	129277424	129277775	1	ENST000003147
3	129314770	129315260	-1	ENST000003337 |	3	129314767	129315260	-1	ENST000003337
3	131462211	131462722	-1	ENST000002649 |	3	131462207	131462722	-1	ENST000002649
3	149369021	149369865	-1	ENST000003053 |	3	149369017	149369865	-1	ENST000003053
3	184183616	184184091	1	ENST000003824 |	3	184183616	184184095	1	ENST000003824
							      >	4	82818651	82819073	-1	ENST000005039
4	82818660	82819073	-1	ENST000005039 <
4	88505878	88506163	1	ENST000002643 |	4	88505878	88506175	1	ENST000002643
4	168216292	168216932	-1	ENST000003937 |	4	168216288	168216932	-1	ENST000003937
5	1798385	1798623	-1	ENST00000505059		      |	5	1798377	1798623	-1	ENST00000505059
5	6599238	6599925	-1	ENST00000264670		      |	5	6599232	6599925	-1	ENST00000264670
5	34925495	34925996	1	ENST000003367 |	5	34925495	34926006	1	ENST000003367
5	41730064	41731728	-1	ENST000001963 |	5	41730061	41731728	-1	ENST000001963
5	53683221	53683340	1	ENST000002966 |	5	53683221	53683342	1	ENST000002966
5	126836264	126837020	1	ENST000002613 |	5	126836264	126837037	1	ENST000002613
5	135027734	135028778	-1	ENST000002653 |	5	135027733	135028778	-1	ENST000002653
5	136063226	136063818	1	ENST000005145 |	5	136063226	136063823	1	ENST000005145
5	138506094	138508304	-1	ENST000004998 |	5	138506092	138508304	-1	ENST000004998
5	148214950	148215137	1	ENST000003256 |	5	148214950	148215141	1	ENST000003256
5	168519190	168519299	1	ENST000002315 |	5	168519190	168519305	1	ENST000002315
5	172950816	172952685	1	ENST000003937 |	5	172950816	172952691	1	ENST000003937
5	177483393	177483643	-1	ENST000003598 <
5	177483393	177483730	-1	ENST000004938 |	5	177483386	177483730	-1	ENST000004938
							      >	5	177483393	177483643	-1	ENST000003598
5	179614177	179614959	-1	ENST000003934 |	5	179614176	179614959	-1	ENST000003934
5	179728644	179730925	1	ENST000002474 |	5	179728644	179730927	1	ENST000002474
6	26104259	26104310	1	ENST000003778 |	6	26104259	26104366	1	ENST000003778
6	31817682	31817946	1	ENST000006087 |	6	31817682	31817949	1	ENST000006087
6	31839663	31839766	1	ENST000006143 |	6	31839663	31839769	1	ENST000006143
6	38675924	38677294	-1	ENST000003733 |	6	38675918	38677294	-1	ENST000003733
6	41932706	41933046	1	ENST000002303 |	6	41932706	41933054	1	ENST000002303
6	53267397	53269126	-1	ENST000003709 |	6	53267396	53269126	-1	ENST000003709
6	132817542	132817564	1	ENST000002300 |	6	132817542	132817571	1	ENST000002300
6	144094880	144095236	-1	ENST000003675 |	6	144094877	144095236	-1	ENST000003675
6	170535116	170535219	-1	ENST000002621 |	6	170535113	170535219	-1	ENST000002621
7	5605474	5606655	1	ENST00000382361		      |	7	5605474	5606670	1	ENST00000382361
7	26212208	26213356	1	ENST000003376 |	7	26212208	26213370	1	ENST000003376
7	30633860	30634033	1	ENST000003892 |	7	30633860	30634037	1	ENST000003892
7	43866557	43866698	-1	ENST000003175 |	7	43866556	43866698	-1	ENST000003175
7	44114680	44114784	-1	ENST000006105 |	7	44114677	44114784	-1	ENST000006105
7	54752249	54752410	-1	ENST000003955 |	7	54752246	54752410	-1	ENST000003955
7	56101568	56101850	-1	ENST000003954 |	7	56101564	56101850	-1	ENST000003954
7	74195308	74197101	1	ENST000002657 |	7	74195308	74197103	1	ENST000002657
7	76304173	76304295	1	ENST000002485 |	7	76304173	76304298	1	ENST000002485
7	76326793	76329576	-1	ENST000003076 |	7	76326792	76329576	-1	ENST000003076
7	77639280	77640071	1	ENST000002485 |	7	77639280	77640074	1	ENST000002485
7	88205117	88206477	-1	ENST000002657 |	7	88205111	88206477	-1	ENST000002657
7	95404862	95405329	-1	ENST000006335 |	7	95404859	95405329	-1	ENST000006335
7	100873303	100873454	1	ENST000002004 |	7	100873303	100873469	1	ENST000002004
7	101223958	101224190	1	ENST000003051 |	7	101223958	101224193	1	ENST000003051
7	155308270	155310235	1	ENST000003403 |	7	155308270	155310238	1	ENST000003403
X	2740804	2741309	1	ENST00000381192		      |	X	2740804	2741313	1	ENST00000381192
X	12976811	12977227	1	ENST000004513 |	X	12976811	12977229	1	ENST000004513
X	23686335	23686399	1	ENST000003793 |	X	23686335	23686400	1	ENST000003793
X	24076785	24077971	1	ENST000002530 |	X	24076785	24078005	1	ENST000002530
X	47142215	47142316	-1	ENST000003778 |	X	47142211	47142316	-1	ENST000003778
X	47214929	47215128	1	ENST000003773 |	X	47214929	47215152	1	ENST000003773
X	47651797	47651841	-1	ENST000003331 |	X	47651795	47651841	-1	ENST000003331
X	48528457	48528716	1	ENST000004951 |	X	48528457	48528719	1	ENST000004951
X	54815880	54816012	1	ENST000003750 |	X	54815880	54816014	1	ENST000003750
X	65739893	65741931	1	ENST000003602 |	X	65739893	65741933	1	ENST000003602
X	71300076	71301168	1	ENST000002760 |	X	71300076	71301169	1	ENST000002760
X	103357999	103358462	1	ENST000003726 |	X	103357999	103358496	1	ENST000003726
X	119471058	119471319	1	ENST000003178 |	X	119471058	119471324	1	ENST000003178
X	119876534	119876662	1	ENST000003714 |	X	119876534	119876664	1	ENST000003714
							      >	X	153861508	153862662	-1	ENST000003700
X	153861513	153862662	-1	ENST000003700 <
X	154442672	154443467	1	ENST000004477 |	X	154442672	154443471	1	ENST000004477
X	154531390	154531999	-1	ENST000006212 |	X	154531384	154531999	-1	ENST000006212
X	155238842	155239817	1	ENST000002864 |	X	155238842	155239821	1	ENST000002864
8	19965310	19967258	1	ENST000003113 |	8	19965310	19967266	1	ENST000003113
8	30678060	30679519	-1	ENST000002211 |	8	30678056	30679519	-1	ENST000002211
8	42405462	42405897	1	ENST000000226 |	8	42405462	42405899	1	ENST000000226
8	47976778	47978160	1	ENST000005239 |	8	47976778	47978167	1	ENST000005239
8	54147719	54147901	1	ENST000002601 |	8	54147719	54147909	1	ENST000002601
8	144097336	144097525	1	ENST000003189 |	8	144097336	144097530	1	ENST000003189
9	32455704	32457121	-1	ENST000003798 |	9	32455699	32457121	-1	ENST000003798
9	34613544	34613781	-1	ENST000003789 |	9	34613541	34613781	-1	ENST000003789
9	35099775	35100034	-1	ENST000004522 |	9	35099759	35100034	-1	ENST000004522
9	73170107	73170393	1	ENST000002574 |	9	73170107	73170397	1	ENST000002574
9	83659962	83661786	-1	ENST000003763 |	9	83659955	83661786	-1	ENST000003763
9	89316425	89316703	1	ENST000003143 |	9	89316425	89316705	1	ENST000003143
9	99230424	99230615	1	ENST000004986 |	9	99230424	99230617	1	ENST000004986
9	114597743	114598373	1	ENST000003740 |	9	114597743	114598405	1	ENST000003740
9	127447673	127447720	-1	ENST000003614 |	9	127447670	127447720	-1	ENST000003614
9	133351366	133351426	1	ENST000003233 |	9	133351366	133351438	1	ENST000003233
9	133361448	133363492	-1	ENST000003719 |	9	133361447	133363492	-1	ENST000003719
9	136423264	136423761	1	ENST000003717 |	9	136423264	136423762	1	ENST000003717
9	137108591	137109187	1	ENST000003715 |	9	137108591	137109188	1	ENST000003715
9	137110541	137110647	-1	ENST000003715 |	9	137110537	137110647	-1	ENST000003715
11	315113	315272	1	ENST00000399815		      |	11	315113	315275	1	ENST00000399815
11	764845	765024	1	ENST00000319006		      |	11	764845	765031	1	ENST00000319006
11	4138383	4138876	1	ENST00000300738		      |	11	4138383	4138879	1	ENST00000300738
11	10507886	10508151	-1	ENST000005366 |	11	10507880	10508151	-1	ENST000005366
11	35229333	35232402	1	ENST000002633 |	11	35229333	35232405	1	ENST000002633
11	47177524	47177930	-1	ENST000002988 |	11	47177522	47177930	-1	ENST000002988
11	60890729	60891165	-1	ENST000002275 |	11	60890688	60891165	-1	ENST000002275
11	62559600	62559678	-1	ENST000003292 |	11	62559595	62559678	-1	ENST000003292
11	62624825	62625814	-1	ENST000003461 <
11	62624825	62625924	-1	ENST000005324 |	11	62624823	62625924	-1	ENST000005324
							      >	11	62624825	62625814	-1	ENST000003461
11	64204126	64204543	1	ENST000003587 |	11	64204126	64204551	1	ENST000003587
11	64238355	64238793	1	ENST000003094 |	11	64238355	64238795	1	ENST000003094
11	64244029	64244132	1	ENST000003945 |	11	64244029	64244141	1	ENST000003945
11	64244479	64244753	-1	ENST000003922 |	11	64244474	64244753	-1	ENST000003922
11	64321691	64321811	1	ENST000002654 |	11	64321691	64321814	1	ENST000002654
11	65120627	65120680	-1	ENST000005296 |	11	65120625	65120680	-1	ENST000005296
11	66003772	66004149	1	ENST000003121 |	11	66003772	66004153	1	ENST000003121
11	67586577	67586656	1	ENST000003986 |	11	67586577	67586659	1	ENST000003986
11	67612458	67612535	1	ENST000004153 |	11	67612458	67612538	1	ENST000004153
11	68690987	68691175	1	ENST000002656 |	11	68690987	68691183	1	ENST000002656
11	72576140	72577383	-1	ENST000003344 |	11	72576115	72577383	-1	ENST000003344
11	75572550	75572783	1	ENST000005266 |	11	75572550	75572785	1	ENST000005266
11	85957683	85959045	-1	ENST000005323 |	11	85957668	85959045	-1	ENST000005323
11	88293591	88294005	-1	ENST000002272 |	11	88293587	88294005	-1	ENST000002272
11	130143448	130144811	1	ENST000002635 |	11	130143448	130144813	1	ENST000002635
10	5107503	5107686	1	ENST00000380554		      |	10	5107503	5107691	1	ENST00000380554
10	5765222	5766005	-1	ENST00000380191		      |	10	5765220	5766005	-1	ENST00000380191
10	60793975	60794852	1	ENST000003952 |	10	60793975	60794855	1	ENST000003952
10	69401135	69401884	1	ENST000004368 |	10	69401135	69401885	1	ENST000004368
10	70202829	70203154	-1	ENST000003732 |	10	70202820	70203154	-1	ENST000003732
10	87050485	87051750	-1	ENST000002778 |	10	87050481	87051750	-1	ENST000002778
10	97677423	97677868	-1	ENST000003706 |	10	97677421	97677868	-1	ENST000003706
10	104267405	104267459	1	ENST000005392 |	10	104267405	104267467	1	ENST000005392
10	122514359	122514908	1	ENST000003689 |	10	122514359	122514909	1	ENST000003689
12	6237828	6238271	1	ENST00000382518		      |	12	6237828	6238272	1	ENST00000382518
12	6531412	6531955	1	ENST00000315579		      |	12	6531412	6531965	1	ENST00000315579
12	6747995	6748547	-1	ENST00000203630		      |	12	6747987	6748547	-1	ENST00000203630
12	6770442	6770952	1	ENST00000619580		      |	12	6770442	6770958	1	ENST00000619580
12	10699088	10699654	-1	ENST000002795 |	12	10699082	10699654	-1	ENST000002795
12	15902978	15903478	1	ENST000004198 |	12	15902978	15903487	1	ENST000004198
12	20680271	20684381	1	ENST000003590 |	12	20680271	20684627	1	ENST000003590
12	27755450	27756295	1	ENST000000810 |	12	27755450	27756299	1	ENST000000810
12	46358188	46361110	-1	ENST000002566 |	12	46358182	46361110	-1	ENST000002566
12	47968229	47968878	1	ENST000004297 |	12	47968229	47968879	1	ENST000004297
12	52952842	52952901	1	ENST000003888 |	12	52952842	52952910	1	ENST000003888
12	54350523	54351849	1	ENST000002620 |	12	54350523	54351850	1	ENST000002620
							      >	12	56712423	56712537	-1	ENST000005509
12	56712427	56712537	-1	ENST000005509 <
12	57720909	57721557	1	ENST000003891 |	12	57720909	57721561	1	ENST000003891
12	69601325	69601570	1	ENST000002993 |	12	69601325	69601573	1	ENST000002993
12	106237876	106239023	-1	ENST000003780 |	12	106237851	106239023	-1	ENST000003780
12	120498210	120498493	1	ENST000003925 |	12	120498210	120498498	1	ENST000003925
13	46771255	46771415	-1	ENST000003787 |	13	46771248	46771415	-1	ENST000003787
13	110512191	110513027	1	ENST000003604 |	13	110512191	110513029	1	ENST000003604
14	22564904	22565137	-1	ENST000002504 |	14	22564899	22565137	-1	ENST000002504
							      >	14	52857266	52858376	-1	ENST000003956
14	52857267	52858376	-1	ENST000003956 <
14	54420078	54420218	1	ENST000003351 |	14	54420078	54420224	1	ENST000003351
14	69380122	69380537	-1	ENST000005570 |	14	69380119	69380537	-1	ENST000005570
14	77469249	77469474	1	ENST000002164 |	14	77469249	77469479	1	ENST000002164
14	92116121	92116192	-1	ENST000005535 |	14	92116117	92116192	-1	ENST000005535
15	34084016	34084333	-1	ENST000002565 |	15	34084009	34084333	-1	ENST000002565
15	34341712	34341967	-1	ENST000003288 |	15	34341710	34341967	-1	ENST000003288
15	63071172	63071915	1	ENST000002679 |	15	63071172	63071919	1	ENST000002679
16	1961906	1961975	1	ENST00000268668		      |	16	1961906	1961980	1	ENST00000268668
16	28097978	28098537	-1	ENST000005656 |	16	28097975	28098537	-1	ENST000005656
16	30085062	30085377	1	ENST000002793 |	16	30085062	30085378	1	ENST000002793
							      >	16	30192931	30193023	-1	ENST000005692
16	30192933	30193023	-1	ENST000005692 <
16	56609354	56609497	1	ENST000002451 |	16	56609354	56609499	1	ENST000002451
16	56626971	56627112	1	ENST000003060 |	16	56626971	56627113	1	ENST000003060
							      >	16	87830018	87832969	-1	ENST000005656
16	87830022	87832969	-1	ENST000005656 <
17	4945016	4945222	1	ENST00000262482		      |	17	4945016	4945223	1	ENST00000262482
17	4945651	4945899	-1	ENST00000225655		      |	17	4945647	4945899	-1	ENST00000225655
17	7225097	7225273	1	ENST00000356839		      |	17	7225097	7225290	1	ENST00000356839
17	17246819	17247097	-1	ENST000005399 |	17	17246818	17247097	-1	ENST000005399
17	28714280	28714642	-1	ENST000003952 |	17	28714277	28714642	-1	ENST000003952
17	39204648	39204727	1	ENST000002254 |	17	39204648	39204729	1	ENST000002254
							      >	17	40818111	40818375	-1	ENST000006359
17	40818116	40818375	-1	ENST000006359 <
17	41619436	41619593	-1	ENST000003112 |	17	41619433	41619593	-1	ENST000003112
17	42615041	42615234	1	ENST000002514 |	17	42615041	42615239	1	ENST000002514
17	43002920	43002959	1	ENST000002537 |	17	43002920	43002962	1	ENST000002537
17	43014604	43016060	-1	ENST000003556 |	17	43014589	43016060	-1	ENST000003556
17	44319624	44320000	-1	ENST000002253 |	17	44319620	44320000	-1	ENST000002253
17	51171604	51171747	1	ENST000005127 |	17	51171604	51171749	1	ENST000005127
17	63831969	63832026	1	ENST000003758 |	17	63831969	63832033	1	ENST000003758
17	64499615	64499922	-1	ENST000002257 <
17	64499615	64500326	-1	ENST000005406 |	17	64499599	64500326	-1	ENST000005406
							      >	17	64499615	64499922	-1	ENST000002257
							      >	17	75135239	75136101	-1	ENST000004762
17	75135247	75136101	-1	ENST000004762 <
17	81887843	81888130	-1	ENST000005054 |	17	81887830	81888130	-1	ENST000005054
20	33853560	33854366	1	ENST000002174 |	20	33853560	33854369	1	ENST000002174
20	34540624	34540958	1	ENST000003571 |	20	34540624	34540959	1	ENST000003571
							      >	20	34928426	34928827	-1	ENST000006467
20	34928432	34928827	-1	ENST000006467 <
20	35557504	35557634	1	ENST000003485 |	20	35557504	35557641	1	ENST000003485
20	37241315	37241623	1	ENST000002375 |	20	37241315	37241625	1	ENST000002375
20	45252238	45252414	-1	ENST000003383 |	20	45252232	45252414	-1	ENST000003383
20	58910682	58911192	1	ENST000003139 |	20	58910682	58911195	1	ENST000003139
20	58995184	58995648	-1	ENST000002171 |	20	58995182	58995648	-1	ENST000002171
							      >	20	62136728	62136856	-1	ENST000004425
20	62136734	62136856	-1	ENST000004425 <
19	763590	764318	1	ENST00000215582		      |	19	763590	764320	1	ENST00000215582
19	1244437	1244826	1	ENST00000215375		      |	19	1244437	1244828	1	ENST00000215375
19	1440462	1440494	1	ENST00000233609		      |	19	1440462	1440502	1	ENST00000233609
							      >	19	3976054	3976151	-1	ENST00000600794
19	3976055	3976151	-1	ENST00000600794		      <
19	4090320	4090597	-1	ENST00000262948		      |	19	4090314	4090597	-1	ENST00000262948
19	9830008	9830115	1	ENST00000358666		      |	19	9830008	9830117	1	ENST00000358666
19	10391133	10391550	-1	ENST000002220 |	19	10391124	10391550	-1	ENST000002220
19	12730639	12730960	-1	ENST000002427 <
19	12730639	12731068	-1	ENST000005912 |	19	12730633	12731068	-1	ENST000005912
							      >	19	12730639	12730960	-1	ENST000002427
19	13104901	13104934	-1	ENST000003577 |	19	13104895	13104934	-1	ENST000003577
19	13778198	13778462	1	ENST000005932 |	19	13778198	13778465	1	ENST000005932
19	14514769	14515939	-1	ENST000002543 |	19	14514768	14515939	-1	ENST000002543
19	14566077	14566132	-1	ENST000002155 <
19	14566077	14566265	-1	ENST000005933 |	19	14566072	14566265	-1	ENST000005933
							      >	19	14566077	14566132	-1	ENST000002155
19	18177848	18178117	1	ENST000005937 |	19	18177848	18178119	1	ENST000005937
19	36149839	36150353	1	ENST000006283 |	19	36149839	36150357	1	ENST000006283
19	38304964	38305009	1	ENST000003012 |	19	38304964	38305012	1	ENST000003012
							      >	19	39433493	39433513	-1	ENST000005995
							      >	19	39433204	39433418	-1	ENST000005995
19	39433493	39433513	-1	ENST000005995 <
19	39433206	39433418	-1	ENST000005995 <
19	39981305	39981441	1	ENST000001578 |	19	39981305	39981465	1	ENST000001578
19	48330470	48330553	1	ENST000002702 |	19	48330470	48330556	1	ENST000002702
19	48966735	48966878	1	ENST000003318 |	19	48966735	48966882	1	ENST000003318
19	49491815	49492308	1	ENST000003918 |	19	49491815	49492313	1	ENST000003918
19	58550553	58550722	1	ENST000005971 |	19	58550553	58550730	1	ENST000005971
22	20127052	20127357	1	ENST000004305 |	22	20127052	20127361	1	ENST000004305
22	29300161	29300525	1	ENST000003979 |	22	29300161	29300528	1	ENST000003979
22	36281276	36282667	-1	ENST000002161 |	22	36281274	36282667	-1	ENST000002161
22	39312881	39312939	-1	ENST000004016 |	22	39312879	39312939	-1	ENST000004016
22	39529092	39529491	-1	ENST000003346 |	22	39529089	39529491	-1	ENST000003346
							      >	22	41245600	41246602	-1	ENST000004054
22	41245610	41246602	-1	ENST000004054 <
22	50523375	50523472	1	ENST000004209 |	22	50523375	50523493	1	ENST000004209
21	33503930	33504123	-1	ENST000003818 |	21	33503909	33504123	-1	ENST000003818
21	41458758	41459214	1	ENST000003986 |	21	41458758	41459217	1	ENST000003986
							      >	21	44849580	44851580	-1	ENST000003978
21	44849584	44851580	-1	ENST000003978 <
